{
 "cells": [
  {
   "cell_type": "code",
   "execution_count": 2,
   "id": "1f25e6ce",
   "metadata": {},
   "outputs": [],
   "source": [
    "import numpy as np\n",
    "import pandas as pd\n",
    "import matplotlib.pyplot as plt"
   ]
  },
  {
   "cell_type": "code",
   "execution_count": 11,
   "id": "587acc3b",
   "metadata": {},
   "outputs": [
    {
     "data": {
      "text/html": [
       "<div>\n",
       "<style scoped>\n",
       "    .dataframe tbody tr th:only-of-type {\n",
       "        vertical-align: middle;\n",
       "    }\n",
       "\n",
       "    .dataframe tbody tr th {\n",
       "        vertical-align: top;\n",
       "    }\n",
       "\n",
       "    .dataframe thead th {\n",
       "        text-align: right;\n",
       "    }\n",
       "</style>\n",
       "<table border=\"1\" class=\"dataframe\">\n",
       "  <thead>\n",
       "    <tr style=\"text-align: right;\">\n",
       "      <th></th>\n",
       "      <th>latitude</th>\n",
       "      <th>longitude</th>\n",
       "      <th>depth</th>\n",
       "      <th>mag</th>\n",
       "      <th>hour</th>\n",
       "    </tr>\n",
       "  </thead>\n",
       "  <tbody>\n",
       "    <tr>\n",
       "      <th>count</th>\n",
       "      <td>3.855719e+06</td>\n",
       "      <td>3.855719e+06</td>\n",
       "      <td>3.855719e+06</td>\n",
       "      <td>3.855719e+06</td>\n",
       "      <td>3.855719e+06</td>\n",
       "    </tr>\n",
       "    <tr>\n",
       "      <th>mean</th>\n",
       "      <td>3.619690e+01</td>\n",
       "      <td>-1.000200e+02</td>\n",
       "      <td>2.228747e+01</td>\n",
       "      <td>1.839301e+00</td>\n",
       "      <td>1.131284e+01</td>\n",
       "    </tr>\n",
       "    <tr>\n",
       "      <th>std</th>\n",
       "      <td>1.993314e+01</td>\n",
       "      <td>7.744373e+01</td>\n",
       "      <td>5.490393e+01</td>\n",
       "      <td>1.308862e+00</td>\n",
       "      <td>6.856064e+00</td>\n",
       "    </tr>\n",
       "    <tr>\n",
       "      <th>min</th>\n",
       "      <td>-8.442200e+01</td>\n",
       "      <td>-1.799990e+02</td>\n",
       "      <td>0.000000e+00</td>\n",
       "      <td>-9.990000e+00</td>\n",
       "      <td>0.000000e+00</td>\n",
       "    </tr>\n",
       "    <tr>\n",
       "      <th>25%</th>\n",
       "      <td>3.377566e+01</td>\n",
       "      <td>-1.410697e+02</td>\n",
       "      <td>3.317000e+00</td>\n",
       "      <td>9.600000e-01</td>\n",
       "      <td>5.000000e+00</td>\n",
       "    </tr>\n",
       "    <tr>\n",
       "      <th>50%</th>\n",
       "      <td>3.757433e+01</td>\n",
       "      <td>-1.189197e+02</td>\n",
       "      <td>7.500000e+00</td>\n",
       "      <td>1.500000e+00</td>\n",
       "      <td>1.100000e+01</td>\n",
       "    </tr>\n",
       "    <tr>\n",
       "      <th>75%</th>\n",
       "      <td>4.460733e+01</td>\n",
       "      <td>-1.159835e+02</td>\n",
       "      <td>1.520000e+01</td>\n",
       "      <td>2.380000e+00</td>\n",
       "      <td>1.700000e+01</td>\n",
       "    </tr>\n",
       "    <tr>\n",
       "      <th>max</th>\n",
       "      <td>8.738600e+01</td>\n",
       "      <td>1.800000e+02</td>\n",
       "      <td>7.358000e+02</td>\n",
       "      <td>9.100000e+00</td>\n",
       "      <td>2.300000e+01</td>\n",
       "    </tr>\n",
       "  </tbody>\n",
       "</table>\n",
       "</div>"
      ],
      "text/plain": [
       "           latitude     longitude         depth           mag          hour\n",
       "count  3.855719e+06  3.855719e+06  3.855719e+06  3.855719e+06  3.855719e+06\n",
       "mean   3.619690e+01 -1.000200e+02  2.228747e+01  1.839301e+00  1.131284e+01\n",
       "std    1.993314e+01  7.744373e+01  5.490393e+01  1.308862e+00  6.856064e+00\n",
       "min   -8.442200e+01 -1.799990e+02  0.000000e+00 -9.990000e+00  0.000000e+00\n",
       "25%    3.377566e+01 -1.410697e+02  3.317000e+00  9.600000e-01  5.000000e+00\n",
       "50%    3.757433e+01 -1.189197e+02  7.500000e+00  1.500000e+00  1.100000e+01\n",
       "75%    4.460733e+01 -1.159835e+02  1.520000e+01  2.380000e+00  1.700000e+01\n",
       "max    8.738600e+01  1.800000e+02  7.358000e+02  9.100000e+00  2.300000e+01"
      ]
     },
     "execution_count": 11,
     "metadata": {},
     "output_type": "execute_result"
    }
   ],
   "source": [
    "data = pd.read_csv(\"silver.csv\")\n",
    "data.describe()"
   ]
  },
  {
   "cell_type": "code",
   "execution_count": 12,
   "id": "d67589ab",
   "metadata": {},
   "outputs": [
    {
     "data": {
      "text/html": [
       "<div>\n",
       "<style scoped>\n",
       "    .dataframe tbody tr th:only-of-type {\n",
       "        vertical-align: middle;\n",
       "    }\n",
       "\n",
       "    .dataframe tbody tr th {\n",
       "        vertical-align: top;\n",
       "    }\n",
       "\n",
       "    .dataframe thead th {\n",
       "        text-align: right;\n",
       "    }\n",
       "</style>\n",
       "<table border=\"1\" class=\"dataframe\">\n",
       "  <thead>\n",
       "    <tr style=\"text-align: right;\">\n",
       "      <th></th>\n",
       "      <th>hour</th>\n",
       "      <th>latitude</th>\n",
       "      <th>longitude</th>\n",
       "      <th>depth</th>\n",
       "      <th>mag</th>\n",
       "    </tr>\n",
       "  </thead>\n",
       "  <tbody>\n",
       "    <tr>\n",
       "      <th>count</th>\n",
       "      <td>3.855719e+06</td>\n",
       "      <td>3.855719e+06</td>\n",
       "      <td>3.855719e+06</td>\n",
       "      <td>3.855719e+06</td>\n",
       "      <td>3.855719e+06</td>\n",
       "    </tr>\n",
       "    <tr>\n",
       "      <th>mean</th>\n",
       "      <td>1.131284e+01</td>\n",
       "      <td>3.619690e+01</td>\n",
       "      <td>-1.000200e+02</td>\n",
       "      <td>2.228747e+01</td>\n",
       "      <td>1.839301e+00</td>\n",
       "    </tr>\n",
       "    <tr>\n",
       "      <th>std</th>\n",
       "      <td>6.856064e+00</td>\n",
       "      <td>1.993314e+01</td>\n",
       "      <td>7.744373e+01</td>\n",
       "      <td>5.490393e+01</td>\n",
       "      <td>1.308862e+00</td>\n",
       "    </tr>\n",
       "    <tr>\n",
       "      <th>min</th>\n",
       "      <td>0.000000e+00</td>\n",
       "      <td>-8.442200e+01</td>\n",
       "      <td>-1.799990e+02</td>\n",
       "      <td>0.000000e+00</td>\n",
       "      <td>-9.990000e+00</td>\n",
       "    </tr>\n",
       "    <tr>\n",
       "      <th>25%</th>\n",
       "      <td>5.000000e+00</td>\n",
       "      <td>3.377566e+01</td>\n",
       "      <td>-1.410697e+02</td>\n",
       "      <td>3.317000e+00</td>\n",
       "      <td>9.600000e-01</td>\n",
       "    </tr>\n",
       "    <tr>\n",
       "      <th>50%</th>\n",
       "      <td>1.100000e+01</td>\n",
       "      <td>3.757433e+01</td>\n",
       "      <td>-1.189197e+02</td>\n",
       "      <td>7.500000e+00</td>\n",
       "      <td>1.500000e+00</td>\n",
       "    </tr>\n",
       "    <tr>\n",
       "      <th>75%</th>\n",
       "      <td>1.700000e+01</td>\n",
       "      <td>4.460733e+01</td>\n",
       "      <td>-1.159835e+02</td>\n",
       "      <td>1.520000e+01</td>\n",
       "      <td>2.380000e+00</td>\n",
       "    </tr>\n",
       "    <tr>\n",
       "      <th>max</th>\n",
       "      <td>2.300000e+01</td>\n",
       "      <td>8.738600e+01</td>\n",
       "      <td>1.800000e+02</td>\n",
       "      <td>7.358000e+02</td>\n",
       "      <td>9.100000e+00</td>\n",
       "    </tr>\n",
       "  </tbody>\n",
       "</table>\n",
       "</div>"
      ],
      "text/plain": [
       "               hour      latitude     longitude         depth           mag\n",
       "count  3.855719e+06  3.855719e+06  3.855719e+06  3.855719e+06  3.855719e+06\n",
       "mean   1.131284e+01  3.619690e+01 -1.000200e+02  2.228747e+01  1.839301e+00\n",
       "std    6.856064e+00  1.993314e+01  7.744373e+01  5.490393e+01  1.308862e+00\n",
       "min    0.000000e+00 -8.442200e+01 -1.799990e+02  0.000000e+00 -9.990000e+00\n",
       "25%    5.000000e+00  3.377566e+01 -1.410697e+02  3.317000e+00  9.600000e-01\n",
       "50%    1.100000e+01  3.757433e+01 -1.189197e+02  7.500000e+00  1.500000e+00\n",
       "75%    1.700000e+01  4.460733e+01 -1.159835e+02  1.520000e+01  2.380000e+00\n",
       "max    2.300000e+01  8.738600e+01  1.800000e+02  7.358000e+02  9.100000e+00"
      ]
     },
     "execution_count": 12,
     "metadata": {},
     "output_type": "execute_result"
    }
   ],
   "source": [
    "data = data[['date', 'hour', 'latitude', 'longitude', 'depth', 'mag']]\n",
    "data.describe()"
   ]
  },
  {
   "cell_type": "code",
   "execution_count": 18,
   "id": "cbea5cbc",
   "metadata": {},
   "outputs": [],
   "source": [
    "import time\n",
    "import datetime\n",
    "\n",
    "timestamp = []\n",
    "for d, t in zip(data['date'], data['hour']):\n",
    "    try:\n",
    "        ts = datetime.datetime.strptime(d+' '+str(t) + ':0:0', '%Y-%m-%d %H:%M:%S')\n",
    "        timestamp.append(time.mktime(ts.timetuple()))\n",
    "    except ValueError:\n",
    "        # print('ValueError')\n",
    "        timestamp.append('ValueError')"
   ]
  },
  {
   "cell_type": "code",
   "execution_count": 19,
   "id": "87271994",
   "metadata": {},
   "outputs": [
    {
     "data": {
      "text/html": [
       "<div>\n",
       "<style scoped>\n",
       "    .dataframe tbody tr th:only-of-type {\n",
       "        vertical-align: middle;\n",
       "    }\n",
       "\n",
       "    .dataframe tbody tr th {\n",
       "        vertical-align: top;\n",
       "    }\n",
       "\n",
       "    .dataframe thead th {\n",
       "        text-align: right;\n",
       "    }\n",
       "</style>\n",
       "<table border=\"1\" class=\"dataframe\">\n",
       "  <thead>\n",
       "    <tr style=\"text-align: right;\">\n",
       "      <th></th>\n",
       "      <th>hour</th>\n",
       "      <th>latitude</th>\n",
       "      <th>longitude</th>\n",
       "      <th>depth</th>\n",
       "      <th>mag</th>\n",
       "      <th>timestamp</th>\n",
       "    </tr>\n",
       "  </thead>\n",
       "  <tbody>\n",
       "    <tr>\n",
       "      <th>count</th>\n",
       "      <td>3.855719e+06</td>\n",
       "      <td>3.855719e+06</td>\n",
       "      <td>3.855719e+06</td>\n",
       "      <td>3.855719e+06</td>\n",
       "      <td>3.855719e+06</td>\n",
       "      <td>3.855719e+06</td>\n",
       "    </tr>\n",
       "    <tr>\n",
       "      <th>mean</th>\n",
       "      <td>1.131284e+01</td>\n",
       "      <td>3.619690e+01</td>\n",
       "      <td>-1.000200e+02</td>\n",
       "      <td>2.228747e+01</td>\n",
       "      <td>1.839301e+00</td>\n",
       "      <td>1.118936e+09</td>\n",
       "    </tr>\n",
       "    <tr>\n",
       "      <th>std</th>\n",
       "      <td>6.856064e+00</td>\n",
       "      <td>1.993314e+01</td>\n",
       "      <td>7.744373e+01</td>\n",
       "      <td>5.490393e+01</td>\n",
       "      <td>1.308862e+00</td>\n",
       "      <td>3.869948e+08</td>\n",
       "    </tr>\n",
       "    <tr>\n",
       "      <th>min</th>\n",
       "      <td>0.000000e+00</td>\n",
       "      <td>-8.442200e+01</td>\n",
       "      <td>-1.799990e+02</td>\n",
       "      <td>0.000000e+00</td>\n",
       "      <td>-9.990000e+00</td>\n",
       "      <td>9.471240e+07</td>\n",
       "    </tr>\n",
       "    <tr>\n",
       "      <th>25%</th>\n",
       "      <td>5.000000e+00</td>\n",
       "      <td>3.377566e+01</td>\n",
       "      <td>-1.410697e+02</td>\n",
       "      <td>3.317000e+00</td>\n",
       "      <td>9.600000e-01</td>\n",
       "      <td>8.341326e+08</td>\n",
       "    </tr>\n",
       "    <tr>\n",
       "      <th>50%</th>\n",
       "      <td>1.100000e+01</td>\n",
       "      <td>3.757433e+01</td>\n",
       "      <td>-1.189197e+02</td>\n",
       "      <td>7.500000e+00</td>\n",
       "      <td>1.500000e+00</td>\n",
       "      <td>1.190048e+09</td>\n",
       "    </tr>\n",
       "    <tr>\n",
       "      <th>75%</th>\n",
       "      <td>1.700000e+01</td>\n",
       "      <td>4.460733e+01</td>\n",
       "      <td>-1.159835e+02</td>\n",
       "      <td>1.520000e+01</td>\n",
       "      <td>2.380000e+00</td>\n",
       "      <td>1.454422e+09</td>\n",
       "    </tr>\n",
       "    <tr>\n",
       "      <th>max</th>\n",
       "      <td>2.300000e+01</td>\n",
       "      <td>8.738600e+01</td>\n",
       "      <td>1.800000e+02</td>\n",
       "      <td>7.358000e+02</td>\n",
       "      <td>9.100000e+00</td>\n",
       "      <td>1.641010e+09</td>\n",
       "    </tr>\n",
       "  </tbody>\n",
       "</table>\n",
       "</div>"
      ],
      "text/plain": [
       "               hour      latitude     longitude         depth           mag  \\\n",
       "count  3.855719e+06  3.855719e+06  3.855719e+06  3.855719e+06  3.855719e+06   \n",
       "mean   1.131284e+01  3.619690e+01 -1.000200e+02  2.228747e+01  1.839301e+00   \n",
       "std    6.856064e+00  1.993314e+01  7.744373e+01  5.490393e+01  1.308862e+00   \n",
       "min    0.000000e+00 -8.442200e+01 -1.799990e+02  0.000000e+00 -9.990000e+00   \n",
       "25%    5.000000e+00  3.377566e+01 -1.410697e+02  3.317000e+00  9.600000e-01   \n",
       "50%    1.100000e+01  3.757433e+01 -1.189197e+02  7.500000e+00  1.500000e+00   \n",
       "75%    1.700000e+01  4.460733e+01 -1.159835e+02  1.520000e+01  2.380000e+00   \n",
       "max    2.300000e+01  8.738600e+01  1.800000e+02  7.358000e+02  9.100000e+00   \n",
       "\n",
       "          timestamp  \n",
       "count  3.855719e+06  \n",
       "mean   1.118936e+09  \n",
       "std    3.869948e+08  \n",
       "min    9.471240e+07  \n",
       "25%    8.341326e+08  \n",
       "50%    1.190048e+09  \n",
       "75%    1.454422e+09  \n",
       "max    1.641010e+09  "
      ]
     },
     "execution_count": 19,
     "metadata": {},
     "output_type": "execute_result"
    }
   ],
   "source": [
    "timeStamp = pd.Series(timestamp)\n",
    "data['timestamp'] = timeStamp.values\n",
    "data.describe()"
   ]
  },
  {
   "cell_type": "code",
   "execution_count": 20,
   "id": "d6d35e01",
   "metadata": {},
   "outputs": [
    {
     "data": {
      "text/html": [
       "<div>\n",
       "<style scoped>\n",
       "    .dataframe tbody tr th:only-of-type {\n",
       "        vertical-align: middle;\n",
       "    }\n",
       "\n",
       "    .dataframe tbody tr th {\n",
       "        vertical-align: top;\n",
       "    }\n",
       "\n",
       "    .dataframe thead th {\n",
       "        text-align: right;\n",
       "    }\n",
       "</style>\n",
       "<table border=\"1\" class=\"dataframe\">\n",
       "  <thead>\n",
       "    <tr style=\"text-align: right;\">\n",
       "      <th></th>\n",
       "      <th>latitude</th>\n",
       "      <th>longitude</th>\n",
       "      <th>depth</th>\n",
       "      <th>mag</th>\n",
       "      <th>timestamp</th>\n",
       "    </tr>\n",
       "  </thead>\n",
       "  <tbody>\n",
       "    <tr>\n",
       "      <th>count</th>\n",
       "      <td>3.855719e+06</td>\n",
       "      <td>3.855719e+06</td>\n",
       "      <td>3.855719e+06</td>\n",
       "      <td>3.855719e+06</td>\n",
       "      <td>3.855719e+06</td>\n",
       "    </tr>\n",
       "    <tr>\n",
       "      <th>mean</th>\n",
       "      <td>3.619690e+01</td>\n",
       "      <td>-1.000200e+02</td>\n",
       "      <td>2.228747e+01</td>\n",
       "      <td>1.839301e+00</td>\n",
       "      <td>1.118936e+09</td>\n",
       "    </tr>\n",
       "    <tr>\n",
       "      <th>std</th>\n",
       "      <td>1.993314e+01</td>\n",
       "      <td>7.744373e+01</td>\n",
       "      <td>5.490393e+01</td>\n",
       "      <td>1.308862e+00</td>\n",
       "      <td>3.869948e+08</td>\n",
       "    </tr>\n",
       "    <tr>\n",
       "      <th>min</th>\n",
       "      <td>-8.442200e+01</td>\n",
       "      <td>-1.799990e+02</td>\n",
       "      <td>0.000000e+00</td>\n",
       "      <td>-9.990000e+00</td>\n",
       "      <td>9.471240e+07</td>\n",
       "    </tr>\n",
       "    <tr>\n",
       "      <th>25%</th>\n",
       "      <td>3.377566e+01</td>\n",
       "      <td>-1.410697e+02</td>\n",
       "      <td>3.317000e+00</td>\n",
       "      <td>9.600000e-01</td>\n",
       "      <td>8.341326e+08</td>\n",
       "    </tr>\n",
       "    <tr>\n",
       "      <th>50%</th>\n",
       "      <td>3.757433e+01</td>\n",
       "      <td>-1.189197e+02</td>\n",
       "      <td>7.500000e+00</td>\n",
       "      <td>1.500000e+00</td>\n",
       "      <td>1.190048e+09</td>\n",
       "    </tr>\n",
       "    <tr>\n",
       "      <th>75%</th>\n",
       "      <td>4.460733e+01</td>\n",
       "      <td>-1.159835e+02</td>\n",
       "      <td>1.520000e+01</td>\n",
       "      <td>2.380000e+00</td>\n",
       "      <td>1.454422e+09</td>\n",
       "    </tr>\n",
       "    <tr>\n",
       "      <th>max</th>\n",
       "      <td>8.738600e+01</td>\n",
       "      <td>1.800000e+02</td>\n",
       "      <td>7.358000e+02</td>\n",
       "      <td>9.100000e+00</td>\n",
       "      <td>1.641010e+09</td>\n",
       "    </tr>\n",
       "  </tbody>\n",
       "</table>\n",
       "</div>"
      ],
      "text/plain": [
       "           latitude     longitude         depth           mag     timestamp\n",
       "count  3.855719e+06  3.855719e+06  3.855719e+06  3.855719e+06  3.855719e+06\n",
       "mean   3.619690e+01 -1.000200e+02  2.228747e+01  1.839301e+00  1.118936e+09\n",
       "std    1.993314e+01  7.744373e+01  5.490393e+01  1.308862e+00  3.869948e+08\n",
       "min   -8.442200e+01 -1.799990e+02  0.000000e+00 -9.990000e+00  9.471240e+07\n",
       "25%    3.377566e+01 -1.410697e+02  3.317000e+00  9.600000e-01  8.341326e+08\n",
       "50%    3.757433e+01 -1.189197e+02  7.500000e+00  1.500000e+00  1.190048e+09\n",
       "75%    4.460733e+01 -1.159835e+02  1.520000e+01  2.380000e+00  1.454422e+09\n",
       "max    8.738600e+01  1.800000e+02  7.358000e+02  9.100000e+00  1.641010e+09"
      ]
     },
     "execution_count": 20,
     "metadata": {},
     "output_type": "execute_result"
    }
   ],
   "source": [
    "final_data = data.drop(['date', 'hour'], axis=1)\n",
    "final_data = final_data[final_data.timestamp != 'ValueError']\n",
    "final_data.describe()"
   ]
  },
  {
   "cell_type": "code",
   "execution_count": null,
   "id": "dd9d24fc",
   "metadata": {},
   "outputs": [],
   "source": []
  }
 ],
 "metadata": {
  "kernelspec": {
   "display_name": "Python 3 (ipykernel)",
   "language": "python",
   "name": "python3"
  },
  "language_info": {
   "codemirror_mode": {
    "name": "ipython",
    "version": 3
   },
   "file_extension": ".py",
   "mimetype": "text/x-python",
   "name": "python",
   "nbconvert_exporter": "python",
   "pygments_lexer": "ipython3",
   "version": "3.9.13"
  }
 },
 "nbformat": 4,
 "nbformat_minor": 5
}
